587 233 220 112
0 3 246.24 108 76 30 0 0 1 0.077 0.156 0.034
1 2 246.24 108 76 30 0 0 1 0.077 0.156 0.034
2 8 246.24 108 76 30 0 0 1 0.077 0.156 0.034
3 8 246.24 108 76 30 0 0 1 0.077 0.156 0.034
4 4 246.24 108 76 30 0 0 1 0.077 0.156 0.034
5 1 246.24 108 76 30 0 0 1 0.077 0.156 0.034
6 7 246.24 108 76 30 0 0 1 0.077 0.156 0.034
7 1 246.24 108 76 30 0 0 1 0.077 0.156 0.034
8 5 246.24 108 76 30 0 0 1 0.077 0.156 0.034
9 4 246.24 108 76 30 0 0 1 0.077 0.156 0.034
10 2 246.24 108 76 30 0 0 1 0.077 0.156 0.034
11 1 246.24 108 76 30 0 0 1 0.077 0.156 0.034
12 9 246.24 108 76 30 0 0 1 0.077 0.156 0.034
13 7 246.24 108 76 30 0 0 1 0.077 0.156 0.034
14 7 246.24 108 76 30 0 0 1 0.077 0.156 0.034
15 9 246.24 108 76 30 0 0 1 0.077 0.156 0.034
16 8 246.24 108 76 30 0 0 1 0.077 0.156 0.034
17 9 246.24 108 76 30 0 0 1 0.077 0.156 0.034
18 4 246.24 108 76 30 0 0 1 0.077 0.156 0.034
19 8 246.24 108 76 30 0 0 1 0.077 0.156 0.034
20 1 246.24 108 76 30 0 0 1 0.077 0.156 0.034
21 9 246.24 108 76 30 0 0 1 0.077 0.156 0.034
22 2 246.24 108 76 30 0 0 1 0.077 0.156 0.034
23 5 246.24 108 76 30 0 0 1 0.077 0.156 0.034
24 6 246.24 108 76 30 0 0 1 0.077 0.156 0.034
25 9 246.24 108 76 30 0 0 1 0.077 0.156 0.034
26 7 246.24 108 76 30 0 0 1 0.077 0.156 0.034
27 4 246.24 108 76 30 0 0 1 0.077 0.156 0.034
28 10 246.24 108 76 30 0 0 1 0.077 0.156 0.034
29 8 246.24 108 76 30 0 0 1 0.077 0.156 0.034
30 9 246.24 108 76 30 0 0 1 0.077 0.156 0.034
31 1 246.24 108 76 30 0 0 1 0.077 0.156 0.034
32 7 246.24 108 76 30 0 0 1 0.077 0.156 0.034
33 3 246.24 108 76 30 0 0 1 0.077 0.156 0.034
34 6 246.24 108 76 30 0 0 1 0.077 0.156 0.034
35 9 246.24 108 76 30 0 0 1 0.077 0.156 0.034
36 3 246.24 108 76 30 0 0 1 0.077 0.156 0.034
37 7 246.24 108 76 30 0 0 1 0.077 0.156 0.034
38 1 246.24 108 76 30 0 0 1 0.077 0.156 0.034
39 5 246.24 108 76 30 0 0 1 0.077 0.156 0.034
40 10 118.25 110 43 25 0 1 1 0.066 0.085 0.062
41 7 118.25 110 43 25 0 1 1 0.066 0.085 0.062
42 3 118.25 110 43 25 0 1 1 0.066 0.085 0.062
43 1 118.25 110 43 25 0 1 1 0.066 0.085 0.062
44 9 118.25 110 43 25 0 1 1 0.066 0.085 0.062
45 9 118.25 110 43 25 0 1 1 0.066 0.085 0.062
46 9 118.25 110 43 25 0 1 1 0.066 0.085 0.062
47 10 118.25 110 43 25 0 1 1 0.066 0.085 0.062
48 5 118.25 110 43 25 0 1 1 0.066 0.085 0.062
49 10 118.25 110 43 25 0 1 1 0.066 0.085 0.062
50 1 118.25 110 43 25 0 1 1 0.066 0.085 0.062
51 9 118.25 110 43 25 0 1 1 0.066 0.085 0.062
52 9 118.25 110 43 25 0 1 1 0.066 0.085 0.062
53 4 118.25 110 43 25 0 1 1 0.066 0.085 0.062
54 1 118.25 110 43 25 0 1 1 0.066 0.085 0.062
55 6 118.25 110 43 25 0 1 1 0.066 0.085 0.062
56 4 118.25 110 43 25 0 1 1 0.066 0.085 0.062
57 7 118.25 110 43 25 0 1 1 0.066 0.085 0.062
58 6 118.25 110 43 25 0 1 1 0.066 0.085 0.062
59 1 118.25 110 43 25 0 1 1 0.066 0.085 0.062
60 10 118.25 110 43 25 0 1 1 0.066 0.085 0.062
61 6 118.25 110 43 25 0 1 1 0.066 0.085 0.062
62 1 118.25 110 43 25 0 1 1 0.066 0.085 0.062
63 3 118.25 110 43 25 0 1 1 0.066 0.085 0.062
64 3 118.25 110 43 25 0 1 1 0.066 0.085 0.062
65 9 118.25 110 43 25 0 1 1 0.066 0.085 0.062
66 5 118.25 110 43 25 0 1 1 0.066 0.085 0.062
67 2 118.25 110 43 25 0 1 1 0.066 0.085 0.062
68 1 118.25 110 43 25 0 1 1 0.066 0.085 0.062
69 5 118.25 110 43 25 0 1 1 0.066 0.085 0.062
70 2 118.25 110 43 25 0 1 1 0.066 0.085 0.062
71 3 118.25 110 43 25 0 1 1 0.066 0.085 0.062
72 2 118.25 110 43 25 0 1 1 0.066 0.085 0.062
73 5 409.86 92 81 55 1 1 1 0.164 0.119 0.022
74 3 409.86 92 81 55 1 1 1 0.164 0.119 0.022
75 5 409.86 92 81 55 1 1 1 0.164 0.119 0.022
76 6 409.86 92 81 55 1 1 1 0.164 0.119 0.022
77 2 409.86 92 81 55 1 1 1 0.164 0.119 0.022
78 7 409.86 92 81 55 1 1 1 0.164 0.119 0.022
79 4 409.86 92 81 55 1 1 1 0.164 0.119 0.022
80 5 409.86 92 81 55 1 1 1 0.164 0.119 0.022
81 9 409.86 92 81 55 1 1 1 0.164 0.119 0.022
82 10 409.86 92 81 55 1 1 1 0.164 0.119 0.022
83 1 409.86 92 81 55 1 1 1 0.164 0.119 0.022
84 7 409.86 92 81 55 1 1 1 0.164 0.119 0.022
85 3 409.86 92 81 55 1 1 1 0.164 0.119 0.022
86 9 409.86 92 81 55 1 1 1 0.164 0.119 0.022
87 9 409.86 92 81 55 1 1 1 0.164 0.119 0.022
88 9 409.86 92 81 55 1 1 1 0.164 0.119 0.022
89 9 409.86 92 81 55 1 1 1 0.164 0.119 0.022
90 7 409.86 92 81 55 1 1 1 0.164 0.119 0.022
91 6 409.86 92 81 55 1 1 1 0.164 0.119 0.022
92 7 409.86 92 81 55 1 1 1 0.164 0.119 0.022
93 5 409.86 92 81 55 1 1 1 0.164 0.119 0.022
94 4 409.86 92 81 55 1 1 1 0.164 0.119 0.022
95 5 409.86 92 81 55 1 1 1 0.164 0.119 0.022
96 2 409.86 92 81 55 1 1 1 0.164 0.119 0.022
97 5 409.86 92 81 55 1 1 1 0.164 0.119 0.022
98 7 409.86 92 81 55 1 1 1 0.164 0.119 0.022
99 3 409.86 92 81 55 1 1 1 0.164 0.119 0.022
100 1 409.86 92 81 55 1 1 1 0.164 0.119 0.022
101 4 409.86 92 81 55 1 1 1 0.164 0.119 0.022
102 10 409.86 92 81 55 1 1 1 0.164 0.119 0.022
103 10 409.86 92 81 55 1 1 1 0.164 0.119 0.022
104 7 409.86 92 81 55 1 1 1 0.164 0.119 0.022
105 2 409.86 92 81 55 1 1 1 0.164 0.119 0.022
106 7 409.86 92 81 55 1 1 1 0.164 0.119 0.022
107 8 409.86 92 81 55 1 1 1 0.164 0.119 0.022
108 7 409.86 92 81 55 1 1 1 0.164 0.119 0.022
109 8 409.86 92 81 55 1 1 1 0.164 0.119 0.022
110 10 409.86 92 81 55 1 1 1 0.164 0.119 0.022
111 5 409.86 92 81 55 1 1 1 0.164 0.119 0.022
